0 7 32 45 53 56 68 70 93 126 137 138 153 158 166 174 175 196 208 
3 12 14 31 39 51 73 82 107 115 128 134 135 159 160 169 176 199 203 
5 10 29 37 44 48 55 58 59 64 75 92 98 104 111 171 172 180 201 206 
8 9 24 25 35 38 46 74 81 88 103 105 122 130 148 161 167 189 193 
2 11 22 28 49 54 57 65 91 95 118 129 141 143 178 186 188 190 192 
6 19 20 36 52 61 63 67 69 72 78 79 96 99 116 131 162 163 177 
15 17 27 33 60 71 80 83 85 132 133 152 156 165 170 198 200 202 205 
4 40 101 102 108 113 114 117 119 123 140 146 151 154 155 185 194 207 
34 42 43 47 77 84 90 94 97 112 121 124 127 136 144 149 164 183 
13 16 21 66 89 106 109 110 125 139 145 150 157 173 181 182 184 187 197 204 
1 18 23 26 30 41 50 62 76 86 87 100 120 142 147 168 179 191 195 
