11.1180390439 9.16741259723 7.68541183016 8.52985902713 10.3150520028 4.75879871648 17.4050162228 8.49352213034 0.0 8.61605724084 9.24922011905 5.96108134633 7.82630794522 10.9283259798 6.8283525838 2.34594201297 7.38923207144 12.4052539455 9.41113946113 
10.1526692814 9.55590675234 7.61807782358 12.8631529762 19.3219403146 9.03259535288 10.7820474008 9.23061559597 0.0 9.27527643028 10.4721826731 8.64642068208 8.41926944736 12.1072207156 8.6147170005 4.4419743655 8.62022900253 12.4297842237 8.47272799726 
7.91154152874 10.7164422681 6.80872197125 11.2631808288 7.61910432315 5.71243580396 8.71491255195 9.42571079135 0.0 9.9333461658 9.56621487717 6.54917814595 5.1516577176 11.0551883927 5.06893401805 5.22840827135 17.4570815209 9.68379712151 7.8164614203 
9.46573200993 9.28962818514 8.07124450973 11.0286765291 9.72840625883 5.12110220583 8.66303277183 8.24876283847 0.0 8.63539578089 16.3024669775 6.45210622711 9.64749229265 10.5670728627 6.73002802401 2.04845791463 8.16845668733 11.4193721285 6.28025299864 
8.9062993715 7.29904338701 5.09809695808 7.99051349286 8.51949935058 11.1398462457 5.61362223586 5.68011342763 0.0 5.25906416282 6.0977523187 7.44703966294 4.03868835552 6.58272318445 7.20271367182 4.13031135531 5.81752524854 5.92487664153 7.89421102722 
9.24764032916 11.8365301155 7.26772813749 10.8333689862 9.15575704223 7.02019445527 8.13522037646 10.758388808 0.0 18.4656575692 8.48886685253 6.35767977159 6.74247167471 10.8046227206 6.53305675168 4.90889567948 10.1714386913 10.1166286654 8.695397395 
0.0 0.0 0.0 0.0 0.0 0.0 0.0 0.0 0 0.0 0.0 0.0 0.0 0.0 0.0 0.0 0.0 0.0 0.0 
11.7175351486 12.1202702049 8.78805931688 11.2644325626 12.21227098 6.06369321541 12.0571902971 11.7101831688 0.0 9.75189627337 11.6482236496 9.43070719104 8.5464210149 14.0282622551 7.78778371955 5.63671335201 9.27151395761 20.154333511 10.1590027413 
9.94710561675 9.89191654124 4.91825091417 9.37963669339 8.81830404676 6.41877243607 9.14518204497 7.39297075474 0.0 6.66846193249 8.85786044021 8.53499470169 5.6036832471 10.02516397 14.9819621976 5.11693306693 6.77576208106 8.67012411608 9.14953448111 
11.3192307822 12.3875347843 7.84852550811 14.0093523349 11.0264195628 6.81178002758 9.59916078708 10.9435477034 0.0 10.1811000717 10.7588244989 9.38728624728 7.38827751979 18.8301736615 6.77810660496 6.66868986725 11.4971731122 13.3191955937 8.98297516859 
8.16672811592 9.15229795514 15.2057475678 10.20164879 8.1393063649 7.96823231524 7.94291084469 10.59187693 0.0 10.1284211198 8.49246354559 4.14817174182 8.82859274618 8.60621832618 5.65685989166 3.58448773449 7.23708508779 8.61121998286 6.0761866584 
11.0665247993 12.3247958159 8.01919318586 11.6479102196 8.01476947612 6.10116153891 8.8510639006 17.2163493032 0.0 11.2132053586 8.54652143315 6.78654776519 6.44625275385 12.4622695512 8.12324751993 5.20999768769 10.1910813514 11.5192913984 9.90270210313 
6.48807675923 4.92915317551 2.48735888295 5.2605847115 4.67281793033 3.40148767641 3.25292709741 4.31013284102 0.0 4.99078155767 2.62841488577 4.93834586466 0.570643593406 5.81410958323 4.84421003833 7.7996031746 5.26013273125 6.16435158409 4.12036136092 
10.6628954423 11.0530014096 4.95767518099 9.89462752261 6.913802138 5.85168116514 9.60340348377 8.60016927231 0.0 8.3631656275 7.93669357818 7.68256980211 4.22332823116 10.0222067495 6.63899000323 4.58142701525 7.96886972963 8.40171245164 15.5096309865 
4.15141349134 3.53169430592 6.39139604022 4.12515874609 4.79069898235 2.16478013842 5.48594009838 4.25546011717 0.0 3.91099375293 6.21305127539 1.47557790257 7.56814732582 4.44385528775 1.76048806881 0.269230769231 3.58083092076 6.4628429351 2.00825052141 
11.6600983258 14.1075200587 9.48391681639 22.1254081779 13.266302953 7.98784499511 10.7054764832 12.2410827434 0.0 10.8898194873 11.5868077764 9.93910055105 6.81489684184 14.1002028866 8.79823705565 5.36067330216 11.4428306823 10.4567782595 10.4020614362 
11.5488391397 20.2751414407 7.38423448784 14.6434990873 8.91350570549 8.41408220367 9.69154054532 11.1619651093 0.0 11.5964860408 9.88904630228 8.27162915436 4.8844108225 11.4140454956 8.3065369517 5.66391675957 10.8115673862 10.1384675939 10.1117094459 
21.0991914129 11.9257530032 7.55725667108 11.3404352521 10.8700567597 8.81813286131 10.0511724801 9.98618292844 0.0 9.32046743884 9.42175444405 9.52199798631 6.16857941939 12.9366659465 7.96250593258 5.96696316959 7.79826637624 11.7119449118 10.3410217091 
8.98451710107 8.47848527415 5.00964353483 9.52268436586 8.64494013898 5.13864125122 7.74580515842 6.42724879734 0.0 6.82274075849 7.27122538624 13.9538027332 4.22632599658 10.0721166804 5.78257334854 5.27121329393 7.76517084855 9.80834517913 7.91310861888 
