7.5849300458 8.06317058545 9.37601743596 0.0 9.39592665788 20.6183421404 10.9150968597 7.75070617788 10.0741853796 8.60441714189 9.16922930129 8.36551106609 9.66002415459 8.60360593513 10.2432869063 9.72086982356 10.4850147437 8.61960920181 12.1374382864 
5.69397824398 7.40505273712 6.41180316035 0.0 6.69014016674 8.26941815133 5.71731192784 8.20005670658 9.00939388634 17.6004366004 6.00842811872 6.12898476914 7.30331890332 6.1514618232 8.68720434155 10.1722391987 7.22358052575 8.42555225845 10.0511325631 
7.93707856471 7.40068730215 7.35948625827 0.0 7.34061032302 7.68195176979 8.45804640313 16.858957709 7.98164377762 8.79705392709 7.59570938215 9.26046461092 10.1172889954 7.67618890771 8.17077162603 9.89776289616 6.77861509835 6.55931805032 11.3255588106 
6.77119483245 7.35283617349 6.19062479507 0.0 6.15595683089 10.3026808134 13.8760157082 6.46815599149 7.08551639931 7.07139709176 6.89679494986 6.72670302843 7.15106439454 6.20685368908 5.31921894531 7.08104325342 7.0430654313 6.07886533887 9.72980359368 
0.0 0.0 0.0 0 0.0 0.0 0.0 0.0 0.0 0.0 0.0 0.0 0.0 0.0 0.0 0.0 0.0 0.0 0.0 
6.60229493589 15.5835746984 6.40443817878 0.0 8.53912110888 9.50410850183 7.65640437993 7.59239171076 7.40094417077 9.35899400706 7.95249868953 5.80106041619 9.12459327165 9.03654401397 8.23062064747 10.1058350533 6.40585471031 9.48130278139 13.1256056809 
6.21796609188 5.66961584167 14.7195528757 0.0 6.82544800208 8.79881953795 9.28024579853 8.37098324381 7.00703609442 7.04457418339 7.64656315906 6.18193857152 8.28419511719 6.89628772762 6.91060014864 9.50648541569 5.82246919747 8.15098202353 10.7915577354 
6.27961913225 7.75806874688 9.11912454418 0.0 6.81159356758 9.65313229549 8.545295486 9.04593620744 8.20898055088 9.76364170706 6.26525988062 6.78507756631 9.6113229429 6.02149331306 8.39715774945 17.867059823 8.11086523126 9.49562997784 9.30622749702 
6.17851037851 7.37068070818 7.59904025918 0.0 7.98650784306 8.17496656634 8.93408535909 7.72782664196 8.61752854988 8.16013109697 7.32046613517 8.50563994829 15.0292161542 7.44792707293 6.51332001332 9.13743625655 7.4626956377 8.05991498745 10.3818376068 
6.8989694516 5.85973935908 6.30970702545 0.0 5.73130066198 7.40301230679 7.62348041822 6.86524212502 6.42820879814 7.27871387871 7.88835507887 6.64195526696 6.85842636895 15.9170539436 8.16106934002 6.55030550232 6.7734006734 8.13109745805 10.8467662211 
4.6210955711 7.39368515471 7.9107474509 0.0 7.2818958819 9.3827653411 6.81659582248 7.87105933282 15.8062767214 9.09806866456 6.53722157472 7.38608678903 6.88243994568 7.1636574565 11.9847652348 7.80956657721 5.18339438339 8.64073239402 10.9407411216 
14.3904262404 6.679004329 6.35281099264 0.0 7.11270939206 9.17756341887 8.98296665196 8.44819347319 6.28565854643 7.33801106301 7.70257936508 8.93190306426 7.4867003367 8.00537047494 8.08825522304 10.8359349801 7.64476911977 8.33757898 11.1042485292 
6.40198179873 9.02209381176 7.87886291387 0.0 9.90583027009 12.4833036119 6.94555001242 9.07892905383 9.36305782962 8.63577793774 9.49196743158 6.38741879036 8.32494334369 9.18360071479 18.3880597196 9.39195673607 5.64672852732 9.54324141556 10.8123231086 
7.63952338511 8.88281799899 6.63801538159 0.0 8.63620372831 9.56283415821 8.22411028084 6.79507707411 8.98817073449 7.03579035294 13.5477647625 8.49493104934 8.85342511519 7.42150692445 7.36966089466 6.99397612192 7.10794205794 7.92033780572 11.3801675449 
7.20873978962 9.42349529555 8.6757781438 0.0 9.25722523664 9.55781861054 6.92370187003 7.09071341063 6.67257065956 6.2882320563 8.02466931217 6.67964780318 7.14501963178 10.4124338719 9.77036405978 9.06984486102 6.72496531247 15.5491025051 11.6148935215 
9.65839438339 12.0426184926 10.4903806402 0.0 10.0264238414 10.9504908499 10.5188565185 10.9791244987 10.8101184763 10.6482050283 10.351629634 10.3903170359 10.1558145558 11.2161110629 11.3611471861 10.1286083198 7.98351370851 10.59095337 23.4631993007 
7.50508826212 7.32659459041 7.1705814515 0.0 14.9436461343 10.3566023229 8.75766846784 7.96342968626 7.66919645907 7.31783186427 8.96491641233 7.84019977607 7.97349005073 7.6959392696 7.99240226242 9.39183439465 7.42494731753 9.23970494328 9.08891277095 
5.52470896244 5.68020256169 4.81174472924 0.0 6.59288219611 8.63389404053 6.69734943419 6.93703633531 6.18164788783 6.59036072109 6.83992225939 4.354347737 6.56456004554 7.2644730665 4.18777934689 7.21208301502 15.3863211951 5.23036686929 7.0703878103 
6.34947341661 5.16813034578 7.09154939488 0.0 7.3158188217 8.63503886471 8.92057055264 7.55390675324 6.95121961935 6.0004882408 6.39128534391 15.4625404008 8.26145435624 7.08031575202 7.54409366564 8.86817067914 5.49515623266 6.60793662396 9.61443053607 
